CRE (WAAS/PRN 138)      
1 28868U 05036A   21291.65023056 -.00000084  00000-0  00000-0 0  9991
2 28868   0.0146 119.8398 0001079 125.4095 268.8646  1.00270211 29383
IOR-W (EGNOS/PRN 126)   
1 28899U 05044A   21291.79841036  .00000002  00000-0  00000-0 0  9994
2 28899   3.3249  34.9967 0003033 178.1853 165.6565  1.00271979 58440
QZS-1 (QZSS/PRN 183)    
1 37158U 10045A   21291.89963639 -.00000100  00000-0  00000+0 0  9993
2 37158  42.0825 136.7387 0748660 270.2171  85.7088  1.00290588 40646
GSAT-8 (GAGAN/PRN 127)  
1 37605U 11022A   21291.88105892  .00000075  00000-0  00000-0 0  9995
2 37605   0.0192 232.2907 0007000  15.7869 151.7672  1.00272997 36143
LUCH 5A (SDCM/PRN 140)  
1 37951U 11074B   21291.83151899 -.00000052  00000-0  00000-0 0  9995
2 37951   4.4134 102.5818 0002809  62.8112 328.3849  1.00271430 36124
SES-5 (EGNOS/PRN 136)   
1 38652U 12036A   21292.01455220  .00000025  00000-0  00000+0 0  9997
2 38652   0.0557 290.8799 0002301 271.3364 195.7245  1.00271830 34001
GSAT-10 (GAGAN/PRN 128) 
1 38779U 12051B   21292.10194479 -.00000174  00000-0  00000+0 0  9996
2 38779   0.0503 100.0197 0002790 126.6043 280.9036  1.00273498 33224
LUCH 5B (SDCM/PRN 125)  
1 38977U 12061A   21291.68452176 -.00000140  00000-0  00000-0 0  9994
2 38977   6.7698  64.3461 0003763 100.5986  92.5774  1.00271005 33101
ASTRA 5B (EGNOS/PRN 123)
1 39617U 14011B   21291.87634913  .00000145  00000-0  00000-0 0  9999
2 39617   0.0534 314.6415 0004051 256.9976 162.9358  1.00272246 27599
LUCH 5V (SDCM/PRN 141)  
1 39727U 14023A   21291.88890855 -.00000277  00000-0  00000-0 0  9991
2 39727   0.9461  67.3892 0002301 136.9744 237.9749  1.00269573 27299
GSAT-15 (GAGAN/PRN 139) 
1 41028U 15065A   21292.03225749 -.00000267  00000-0  00000+0 0  9995
2 41028   0.0773  89.9685 0002651  94.7779 308.0983  1.00270834 21791
E 117 W B (WAAS/PRN 131)
1 41589U 16038B   21291.64215722 -.00000022  00000-0  00000+0 0  9993
2 41589   0.0149  74.0851 0000075 165.0472 262.4148  1.00271554 19636
SES-15 (WAAS/PRN 133)   
1 42709U 17026A   21291.63194249  .00000049  00000-0  00000-0 0  9994
2 42709   0.0398  18.6192 0000383 172.9036 294.1800  1.00268450 17089
QZS-2 (QZSS/PRN 184)    
1 42738U 17028A   21291.81961616 -.00000244  00000-0  00000+0 0  9995
2 42738  42.1811 267.5808 0746908 270.6167 282.8083  1.00254178 16064
QZS-3 (QZSS/PRN 189)    
1 42917U 17048A   21291.68476459 -.00000358  00000-0  00000-0 0  9994
2 42917   0.0594 222.2554 0002337 358.9991 179.6587  1.00275581 15181
QZS-4 (QZSS/PRN 185)    
1 42965U 17062A   21291.54047193 -.00000348  00000-0  00000+0 0  9995
2 42965  40.8122   5.2370 0748976 270.0394  86.0329  1.00272027 14732
